Pedestrian 0 0 -1.214400053024292 950.9915161132812 158.5605010986328 1013.4094848632812 290.5429992675781 1.7022000551223755 0.6154999732971191 0.7813000082969666 5.107500076293945 1.4020999670028687 9.700499534606934 -0.7297999858856201 0.6085000038146973
Pedestrian 0 0 -1.551200032234192 575.2216186523438 162.6195068359375 605.8737182617188 237.943603515625 1.6756999492645264 0.6399000287055969 0.8828999996185303 -0.2847999930381775 1.2591999769210815 16.942699432373047 -1.5679999589920044 0.515500009059906
Cyclist 0 0 0.7138000130653381 682.7971801757812 151.8726043701172 748.5869750976562 249.87010192871094 1.801200032234192 0.5885999798774719 1.8411999940872192 2.162400007247925 1.2460999488830566 13.938699722290039 0.8677999973297119 0.4284000098705292
Pedestrian 0 0 1.829300045967102 427.4678039550781 171.9364013671875 486.8622131347656 287.1415100097656 1.6088999509811401 0.628000020980835 0.6589000225067139 -2.1654999256134033 1.4745999574661255 10.690299987792969 1.6294000148773193 0.4223000109195709
Pedestrian 0 0 1.5861999988555908 550.7194213867188 165.7595977783203 574.3920288085938 223.6011962890625 1.71589994430542 0.6452999711036682 0.8633999824523926 -1.2163000106811523 1.230299949645996 21.92799949645996 1.5307999849319458 0.320499986410141
Pedestrian 0 0 2.001800060272217 157.9886016845703 187.83819580078125 261.94781494140625 375.4309997558594 1.5312000513076782 0.5688999891281128 0.5212000012397766 -2.8726999759674072 1.5861999988555908 5.187399864196777 1.4960999488830566 0.3334999978542328
Pedestrian 0 0 -1.9193999767303467 511.3869934082031 160.9219970703125 543.6928100585938 232.0717010498047 1.715399980545044 0.6466000080108643 0.8672999739646912 -1.8914999961853027 1.2180999517440796 18.039600372314453 -2.023900032043457 0.29820001125335693
Pedestrian 0 0 0.6122000217437744 204.143798828125 173.7187957763672 302.03271484375 345.2950134277344 1.6150000095367432 0.625 0.7233999967575073 -3.61080002784729 1.5628000497817993 7.384900093078613 0.1573999971151352 0.24390000104904175
Cyclist 0 0 -1.9193999767303467 511.3869934082031 160.9219970703125 543.6928100585938 232.0717010498047 1.6924999952316284 0.5845000147819519 1.8157999515533447 -1.8739999532699585 1.2031999826431274 17.86709976196289 -2.023900032043457 0.21850000321865082
Cyclist 0 0 1.5861999988555908 550.7194213867188 165.7595977783203 574.3920288085938 223.6011962890625 1.6929999589920044 0.583299994468689 1.8077000379562378 -1.2050000429153442 1.2151999473571777 21.714500427246094 1.5307999849319458 0.17489999532699585
Pedestrian 0 0 1.9982000589370728 135.0395050048828 180.4803924560547 287.60040283203125 362.635498046875 1.5562000274658203 0.6324999928474426 0.6661999821662903 -2.341200113296509 1.5612000226974487 4.248000144958496 1.4945000410079956 0.20399999618530273
Pedestrian 0 0 1.9337999820709229 150.4073944091797 176.84170532226562 296.9801940917969 365.56170654296875 1.5872999429702759 0.637499988079071 0.6597999930381775 -2.322499990463257 1.570099949836731 4.347300052642822 1.4430999755859375 0.18440000712871552
Pedestrian 0 0 1.5580999851226807 203.17709350585938 167.94580078125 285.15948486328125 383.0 1.6890000104904175 0.6240000128746033 0.6693000197410583 -2.8143999576568604 1.622499942779541 5.533999919891357 1.0877000093460083 0.17980000376701355
