Car 0 0 1.9634000062942505 331.060791015625 178.5471954345703 613.1810302734375 363.5466003417969 1.5649000406265259 1.5666999816894531 3.6933999061584473 -1.2345000505447388 1.6620999574661255 8.077699661254883 1.8118000030517578 0.8899000287055969
Car 0 0 -1.3423000574111938 592.466796875 178.202392578125 720.7354125976562 264.943603515625 1.4365999698638916 1.5773999691009521 3.8315999507904053 1.0227999687194824 1.559999942779541 14.260000228881836 -1.2706999778747559 0.8417999744415283
Car 0 0 1.6584999561309814 739.6921997070312 168.07949829101562 787.0825805664062 208.5166015625 1.5358999967575073 1.63510000705719 4.026899814605713 6.343900203704834 1.3509000539779663 29.743499755859375 1.8686000108718872 0.6735000014305115
Car 0 0 -1.688599944114685 888.3082885742188 179.44369506835938 960.2163696289062 240.0325927734375 1.437600016593933 1.5448999404907227 3.2565999031066895 8.22439956665039 1.6311999559402466 19.222900390625 -1.2842999696731567 0.6812999844551086
Car 0 0 -1.8494999408721924 936.2471923828125 202.377197265625 1251.06396484375 379.3352966308594 1.479099988937378 1.531599998474121 3.3622000217437744 3.7040998935699463 1.7375999689102173 5.866199970245361 -1.2862999439239502 0.6313999891281128
Car 0 0 1.5506999492645264 861.009521484375 171.69630432128906 887.3068237304688 194.8271026611328 1.4176000356674194 1.5475000143051147 3.5576000213623047 17.344999313354492 1.358199954032898 47.48469924926758 1.9010000228881836 0.2831999957561493
Car 0 0 1.6643999814987183 804.0142822265625 165.62969970703125 827.724609375 184.8970947265625 1.6030000448226929 1.6634000539779663 4.139699935913086 18.21190071105957 0.9876000285148621 63.821800231933594 1.9423999786376953 0.09730000048875809
Car 0 0 -1.705399990081787 878.2924194335938 178.85659790039062 946.968994140625 231.96409606933594 1.4148999452590942 1.5985000133514404 3.5664000511169434 8.872599601745605 1.6130000352859497 21.5310001373291 -1.3144999742507935 0.2483000010251999
Car 0 0 -1.6202000379562378 823.56982421875 164.5843963623047 842.3355712890625 180.52920532226562 1.5634000301361084 1.6632000207901 4.189499855041504 22.790599822998047 0.722599983215332 73.79419708251953 -1.3207000494003296 0.0
Cyclist 0 0 0.6233000159263611 1127.5032958984375 170.52239990234375 1164.353759765625 214.1195068359375 1.7547999620437622 0.5794000029563904 1.5985000133514404 21.847400665283203 1.659999966621399 29.474899291992188 1.261199951171875 0.07769999653100967
