Car 0 0 -1.3001999855041504 339.09600830078125 182.57980346679688 536.1884155273438 315.114013671875 1.5008000135421753 1.5937000513076782 3.7374000549316406 -2.284899950027466 1.6725000143051147 10.485400199890137 -1.514799952507019 0.8734999895095825
Car 0 0 1.6650999784469604 561.8436279296875 172.50149536132812 613.0513916015625 217.0399932861328 1.6132999658584595 1.6828999519348145 4.206099987030029 -0.8467000126838684 1.6132999658584595 28.492599487304688 1.6354000568389893 0.6557999849319458
Car 0 0 -1.6676000356674194 724.1624145507812 180.60659790039062 804.4754028320312 252.29620361328125 1.54830002784729 1.5898000001907349 3.369999885559082 3.61299991607666 1.753100037574768 17.539899826049805 -1.4644999504089355 0.5906000137329102
Car 0 0 1.5515999794006348 683.640625 176.9906005859375 708.9661865234375 199.4987030029297 1.4536000490188599 1.5937999486923218 3.9303998947143555 5.9095001220703125 1.7624000310897827 49.78150177001953 1.669800043106079 0.3741999864578247
Cyclist 0 0 -2.7548000812530518 1149.47021484375 194.84719848632812 1205.16259765625 238.55909729003906 1.7401000261306763 0.5432999730110168 1.8164000511169434 22.227100372314453 2.5804998874664307 28.33180046081543 -2.089600086212158 0.23010000586509705
Car 0 0 -1.5117000341415405 593.8302001953125 178.82460021972656 628.9747924804688 208.10040283203125 1.4040000438690186 1.519700050354004 3.885499954223633 0.05640000104904175 1.7138999700546265 36.917999267578125 -1.510200023651123 0.3727000057697296
Car 0 0 1.6371999979019165 626.3599243164062 171.514404296875 647.8756103515625 190.8468017578125 1.648300051689148 1.6862000226974487 4.100900173187256 2.4481000900268555 1.559999942779541 65.32469940185547 1.6747000217437744 0.11129999905824661
Car 0 0 2.172600030899048 394.881103515625 173.95269775390625 503.26959228515625 220.74879455566406 1.5198999643325806 1.5806000232696533 3.9172000885009766 -5.573800086975098 1.5591000318527222 25.27680015563965 1.9555000066757202 0.22990000247955322
Car 0 0 -1.6675000190734863 711.7532958984375 187.1356964111328 774.37109375 239.74240112304688 1.4019999504089355 1.6003999710083008 3.4999001026153564 3.8701000213623047 1.8547999858856201 21.65489959716797 -1.4905999898910522 0.2793999910354614
Car 0 0 2.230600118637085 18.76059913635254 192.2469940185547 362.8429870605469 369.1628112792969 1.5657999515533447 1.5963000059127808 3.8099000453948975 -3.046099901199341 1.7342000007629395 4.013500213623047 1.5814000368118286 0.2443999946117401
Car 0 0 2.2235000133514404 0.0 190.99830627441406 352.260009765625 373.40179443359375 1.5670000314712524 1.5994999408721924 3.7981998920440674 -2.976599931716919 1.7411999702453613 3.8626999855041504 1.5670000314712524 0.24860000610351562
Car 0 0 -2.2258999347686768 881.9318237304688 211.34629821777344 1209.8804931640625 372.0 1.454699993133545 1.5772000551223755 3.5922000408172607 2.6328001022338867 1.7319999933242798 3.4446001052856445 -1.5733000040054321 0.1890999972820282
